[gd_scene load_steps=15 format=3 uid="uid://hxn4lucghc74"]

[ext_resource type="PackedScene" uid="uid://bu3qioodt8kr6" path="res://assets/Knight.glb" id="1_hhfob"]
[ext_resource type="Script" path="res://knight2.gd" id="2_fmjfn"]

[sub_resource type="AnimationNodeAnimation" id="AnimationNodeAnimation_rdja6"]
animation = &"Idle"

[sub_resource type="AnimationNodeAnimation" id="AnimationNodeAnimation_i2axy"]
animation = &"Running_A"

[sub_resource type="AnimationNodeBlendSpace1D" id="AnimationNodeBlendSpace1D_ah4l5"]
blend_point_0/node = SubResource("AnimationNodeAnimation_rdja6")
blend_point_0/pos = 0.0
blend_point_1/node = SubResource("AnimationNodeAnimation_i2axy")
blend_point_1/pos = 1.0

[sub_resource type="AnimationNodeAnimation" id="AnimationNodeAnimation_pxas0"]
animation = &"Jump_Idle"

[sub_resource type="AnimationNodeAnimation" id="AnimationNodeAnimation_ydn03"]
animation = &"Jump_Start"

[sub_resource type="AnimationNodeStateMachineTransition" id="AnimationNodeStateMachineTransition_bwahc"]
advance_mode = 2

[sub_resource type="AnimationNodeStateMachineTransition" id="AnimationNodeStateMachineTransition_rmke4"]
advance_mode = 2
advance_condition = &"jumping"

[sub_resource type="AnimationNodeStateMachineTransition" id="AnimationNodeStateMachineTransition_14aeb"]
switch_mode = 2
advance_mode = 2

[sub_resource type="AnimationNodeStateMachineTransition" id="AnimationNodeStateMachineTransition_hct4w"]
advance_mode = 2
advance_condition = &"grounded"

[sub_resource type="AnimationNodeStateMachineTransition" id="AnimationNodeStateMachineTransition_qtlda"]

[sub_resource type="AnimationNodeStateMachine" id="AnimationNodeStateMachine_03irh"]
states/IdleWalk/node = SubResource("AnimationNodeBlendSpace1D_ah4l5")
states/IdleWalk/position = Vector2(411, 100)
states/Jump_Idle/node = SubResource("AnimationNodeAnimation_pxas0")
states/Jump_Idle/position = Vector2(543, 205)
states/Jump_Start/node = SubResource("AnimationNodeAnimation_ydn03")
states/Jump_Start/position = Vector2(366, 205)
transitions = ["Start", "IdleWalk", SubResource("AnimationNodeStateMachineTransition_bwahc"), "IdleWalk", "Jump_Start", SubResource("AnimationNodeStateMachineTransition_rmke4"), "Jump_Start", "Jump_Idle", SubResource("AnimationNodeStateMachineTransition_14aeb"), "Jump_Idle", "IdleWalk", SubResource("AnimationNodeStateMachineTransition_hct4w"), "IdleWalk", "Jump_Idle", SubResource("AnimationNodeStateMachineTransition_qtlda")]

[sub_resource type="CapsuleShape3D" id="CapsuleShape3D_3b8o2"]
height = 2.4

[node name="Knight2" instance=ExtResource("1_hhfob")]
collision_layer = 0
script = ExtResource("2_fmjfn")

[node name="Skeleton3D" parent="Rig" index="0"]
transform = Transform3D(-1, 0, -8.74228e-08, 0, 1, 0, 8.74228e-08, 0, -1, 0, 0, 0)
bones/1/position = Vector3(0, 0.370127, 0)
bones/1/rotation = Quaternion(-1.11123e-10, 0.0431578, 2.57241e-09, 0.999068)
bones/4/rotation = Quaternion(-0.550434, -0.0585527, -0.645959, 0.525672)
bones/5/rotation = Quaternion(2.83982e-08, -3.80821e-08, -0.501171, 0.865348)
bones/7/rotation = Quaternion(-0.319019, -0.336552, 0.14337, 0.874302)
bones/8/rotation = Quaternion(0.00144403, 0.00144402, -0.701785, 0.712386)
bones/14/rotation = Quaternion(-0.609502, 0.0790008, 0.620523, 0.48705)
bones/15/rotation = Quaternion(2.97403e-08, 5.23364e-08, 0.524086, 0.851666)
bones/17/rotation = Quaternion(-0.318054, 0.311887, -0.225389, 0.866469)
bones/18/rotation = Quaternion(0.00432638, 0.00509584, 0.702593, 0.711561)
bones/21/rotation = Quaternion(-5.80608e-11, -0.0313417, -1.88012e-09, 0.999509)
bones/24/rotation = Quaternion(0.98977, 0.0836605, 0.0786036, 0.0847237)
bones/25/rotation = Quaternion(0.388841, 5.72705e-08, -2.65176e-07, 0.921305)
bones/26/rotation = Quaternion(-0.61826, -0.201207, 0.0756085, 0.756012)
bones/28/rotation = Quaternion(0.991664, -0.0332275, 0.0298606, 0.120858)
bones/29/rotation = Quaternion(0.433596, -5.89562e-08, 3.01643e-07, 0.901107)
bones/30/rotation = Quaternion(-0.644494, 0.112578, -0.0228299, 0.755931)
bones/31/rotation = Quaternion(3.04791e-08, 0.920355, -0.391084, -6.94849e-08)
bones/32/rotation = Quaternion(0.707107, -2.29302e-07, -4.60552e-08, 0.707107)
bones/33/position = Vector3(0.202182, 0.0259903, 0.205181)
bones/33/rotation = Quaternion(-0.707107, -7.05285e-08, -7.05285e-08, 0.707107)
bones/34/rotation = Quaternion(9.65792e-09, 1.77955e-09, 0.985719, -0.168398)
bones/35/rotation = Quaternion(-1.04035e-07, 0.391084, 0.920355, -2.9526e-08)
bones/37/rotation = Quaternion(1, -3.10863e-15, 1.94707e-07, -6.91739e-22)
bones/39/rotation = Quaternion(0.707107, -3.82385e-08, 1.45009e-07, 0.707107)
bones/40/rotation = Quaternion(-0.707107, -7.05285e-08, -7.05285e-08, 0.707107)
bones/41/rotation = Quaternion(-5.83589e-09, 6.43837e-10, 0.994809, 0.101756)
bones/42/rotation = Quaternion(-1.04035e-07, 0.391084, 0.920355, -2.95261e-08)
bones/47/position = Vector3(0.520841, 0.769049, -0.0576374)
bones/47/rotation = Quaternion(0.794627, -1.11759e-07, 0.607098, -5.96046e-08)
bones/49/position = Vector3(-0.510844, 0.769049, 0.0597369)
bones/49/rotation = Quaternion(-0.758253, -1.52737e-07, 0.651961, -1.11759e-08)

[node name="1H_Sword_Offhand" parent="Rig/Skeleton3D" index="0"]
transform = Transform3D(4.9192e-07, 0.262865, 0.964832, 0.999878, -0.0149902, 0.00408395, 0.0155368, 0.964716, -0.262833, 0.51174, 0.616885, -0.00191089)
visible = false

[node name="Badge_Shield" parent="Rig/Skeleton3D" index="1"]
transform = Transform3D(5.14339e-07, 0.262864, 0.964832, 0.999878, -0.0149928, 0.00408462, 0.0155394, 0.964716, -0.262833, 0.662144, 0.617522, -0.0428827)
visible = false

[node name="Rectangle_Shield" parent="Rig/Skeleton3D" index="2"]
transform = Transform3D(5.14339e-07, 0.262864, 0.964832, 0.999878, -0.0149928, 0.00408462, 0.0155394, 0.964716, -0.262833, 0.662144, 0.617522, -0.0428827)
visible = false

[node name="Round_Shield" parent="Rig/Skeleton3D" index="3"]
transform = Transform3D(5.14339e-07, 0.262864, 0.964832, 0.999878, -0.0149928, 0.00408462, 0.0155394, 0.964716, -0.262833, 0.662144, 0.617522, -0.0428827)
visible = false

[node name="Spike_Shield" parent="Rig/Skeleton3D" index="4"]
transform = Transform3D(5.14339e-07, 0.262864, 0.964832, 0.999878, -0.0149928, 0.00408462, 0.0155394, 0.964716, -0.262833, 0.662144, 0.617522, -0.0428827)
visible = false

[node name="1H_Sword" parent="Rig/Skeleton3D" index="5"]
transform = Transform3D(-0.00305964, -0.163037, 0.986615, 0.999918, -0.0126888, 0.00100374, 0.0123557, 0.986538, 0.163062, -0.49593, 0.621084, 0.139672)
visible = false

[node name="2H_Sword" parent="Rig/Skeleton3D" index="6"]
transform = Transform3D(-0.00305965, -0.163037, 0.986615, 0.999918, -0.0126888, 0.00100376, 0.0123557, 0.986538, 0.163062, -0.49593, 0.621084, 0.139672)
visible = false

[node name="Knight_Helmet" parent="Rig/Skeleton3D" index="7"]
transform = Transform3D(0.99972, -1.40143e-09, 0.0236466, 1.39341e-09, 1, 3.55686e-10, -0.0236466, -3.22637e-10, 0.99972, 4.69869e-07, 1.18036, -1.19779e-07)

[node name="Knight_Cape" parent="Rig/Skeleton3D" index="8"]
transform = Transform3D(0.996275, -5.14962e-09, 0.0862353, 5.13043e-09, 1, 4.44077e-10, -0.0862353, 1.8939e-15, 0.996275, -1.63023e-08, 1.18036, -1.40136e-07)

[node name="AnimationTree" type="AnimationTree" parent="." index="2"]
tree_root = SubResource("AnimationNodeStateMachine_03irh")
anim_player = NodePath("../AnimationPlayer")
parameters/conditions/grounded = false
parameters/conditions/jumping = false
parameters/IdleWalk/blend_position = 0.0

[node name="CollisionShape3D" type="CollisionShape3D" parent="." index="3"]
transform = Transform3D(1, 0, 0, 0, 1, 0, 0, 0, 1, 0, 1.2, 0)
shape = SubResource("CapsuleShape3D_3b8o2")

[node name="CameraArm" type="SpringArm3D" parent="." index="4"]
transform = Transform3D(1, 0, 0, 0, 1, 0, 0, 0, 1, 0, 2.5, 0)
spring_length = 7.0
margin = 0.1

[node name="Camera3D" type="Camera3D" parent="CameraArm" index="0"]

[node name="CameraMovementTimer" type="Timer" parent="." index="5"]
one_shot = true
