[gd_scene load_steps=16 format=3 uid="uid://hxn4lucghc74"]

[ext_resource type="PackedScene" uid="uid://bu3qioodt8kr6" path="res://assets/Knight.glb" id="1_hhfob"]
[ext_resource type="Script" path="res://knight2.gd" id="2_fmjfn"]

[sub_resource type="AnimationNodeAnimation" id="AnimationNodeAnimation_rdja6"]
animation = &"Idle"

[sub_resource type="AnimationNodeAnimation" id="AnimationNodeAnimation_i2axy"]
animation = &"Running_A"

[sub_resource type="AnimationNodeBlendSpace1D" id="AnimationNodeBlendSpace1D_ah4l5"]
blend_point_0/node = SubResource("AnimationNodeAnimation_rdja6")
blend_point_0/pos = 0.0
blend_point_1/node = SubResource("AnimationNodeAnimation_i2axy")
blend_point_1/pos = 1.0

[sub_resource type="AnimationNodeAnimation" id="AnimationNodeAnimation_pxas0"]
animation = &"Jump_Idle"

[sub_resource type="AnimationNodeAnimation" id="AnimationNodeAnimation_ydn03"]
animation = &"Jump_Start"

[sub_resource type="AnimationNodeStateMachineTransition" id="AnimationNodeStateMachineTransition_bwahc"]
advance_mode = 2

[sub_resource type="AnimationNodeStateMachineTransition" id="AnimationNodeStateMachineTransition_rmke4"]
advance_mode = 2
advance_condition = &"jumping"

[sub_resource type="AnimationNodeStateMachineTransition" id="AnimationNodeStateMachineTransition_14aeb"]
switch_mode = 2
advance_mode = 2

[sub_resource type="AnimationNodeStateMachineTransition" id="AnimationNodeStateMachineTransition_hct4w"]
advance_mode = 2
advance_condition = &"grounded"

[sub_resource type="AnimationNodeStateMachineTransition" id="AnimationNodeStateMachineTransition_qtlda"]

[sub_resource type="AnimationNodeStateMachine" id="AnimationNodeStateMachine_03irh"]
states/IdleWalk/node = SubResource("AnimationNodeBlendSpace1D_ah4l5")
states/IdleWalk/position = Vector2(411, 100)
states/Jump_Idle/node = SubResource("AnimationNodeAnimation_pxas0")
states/Jump_Idle/position = Vector2(543, 205)
states/Jump_Start/node = SubResource("AnimationNodeAnimation_ydn03")
states/Jump_Start/position = Vector2(366, 205)
transitions = ["Start", "IdleWalk", SubResource("AnimationNodeStateMachineTransition_bwahc"), "IdleWalk", "Jump_Start", SubResource("AnimationNodeStateMachineTransition_rmke4"), "Jump_Start", "Jump_Idle", SubResource("AnimationNodeStateMachineTransition_14aeb"), "Jump_Idle", "IdleWalk", SubResource("AnimationNodeStateMachineTransition_hct4w"), "IdleWalk", "Jump_Idle", SubResource("AnimationNodeStateMachineTransition_qtlda")]

[sub_resource type="CapsuleShape3D" id="CapsuleShape3D_3b8o2"]
height = 2.4

[sub_resource type="SphereShape3D" id="SphereShape3D_sdcqn"]

[node name="Knight2" instance=ExtResource("1_hhfob")]
collision_layer = 0
script = ExtResource("2_fmjfn")

[node name="Skeleton3D" parent="Rig" index="0"]
transform = Transform3D(-1, 0, -8.74228e-08, 0, 1, 0, 8.74228e-08, 0, -1, 0, 0, 0)
bones/1/position = Vector3(0, 0.370199, 0)
bones/1/rotation = Quaternion(-1.11123e-10, 0.0431578, 2.57241e-09, 0.999068)
bones/4/rotation = Quaternion(-0.550438, -0.0585984, -0.646104, 0.525485)
bones/5/rotation = Quaternion(2.90141e-08, -3.58396e-08, -0.500875, 0.86552)
bones/7/rotation = Quaternion(-0.318982, -0.336483, 0.143253, 0.874362)
bones/8/rotation = Quaternion(0.00144919, 0.00144918, -0.701766, 0.712404)
bones/14/rotation = Quaternion(-0.609513, 0.0790449, 0.620648, 0.486869)
bones/15/rotation = Quaternion(2.97514e-08, 5.18318e-08, 0.523797, 0.851843)
bones/17/rotation = Quaternion(-0.318014, 0.311801, -0.225266, 0.866546)
bones/18/rotation = Quaternion(0.00433813, 0.00510968, 0.70258, 0.711573)
bones/21/rotation = Quaternion(-5.80608e-11, -0.0313417, -1.88012e-09, 0.999509)
bones/24/rotation = Quaternion(0.989786, 0.0836545, 0.0785922, 0.0845512)
bones/25/rotation = Quaternion(0.388384, 5.68137e-08, -2.65181e-07, 0.921498)
bones/26/rotation = Quaternion(-0.618019, -0.201235, 0.0755242, 0.75621)
bones/28/rotation = Quaternion(0.991684, -0.0332162, 0.0298652, 0.1207)
bones/29/rotation = Quaternion(0.433186, -5.9063e-08, 3.01341e-07, 0.901305)
bones/30/rotation = Quaternion(-0.644271, 0.112586, -0.0227901, 0.756122)
bones/31/rotation = Quaternion(3.04791e-08, 0.920355, -0.391084, -6.94849e-08)
bones/32/rotation = Quaternion(0.707107, -2.29302e-07, -4.60552e-08, 0.707107)
bones/33/position = Vector3(0.202182, 0.0259903, 0.205181)
bones/33/rotation = Quaternion(-0.707107, -7.05285e-08, -7.05285e-08, 0.707107)
bones/34/rotation = Quaternion(9.65792e-09, 1.77955e-09, 0.985719, -0.168398)
bones/35/rotation = Quaternion(-1.04035e-07, 0.391084, 0.920355, -2.9526e-08)
bones/37/rotation = Quaternion(1, -3.10863e-15, 1.94707e-07, -6.91739e-22)
bones/39/rotation = Quaternion(0.707107, -3.82385e-08, 1.45009e-07, 0.707107)
bones/40/rotation = Quaternion(-0.707107, -7.05285e-08, -7.05285e-08, 0.707107)
bones/41/rotation = Quaternion(-5.83589e-09, 6.43837e-10, 0.994809, 0.101756)
bones/42/rotation = Quaternion(-1.04035e-07, 0.391084, 0.920355, -2.95261e-08)
bones/47/position = Vector3(0.520841, 0.768992, -0.0576374)
bones/47/rotation = Quaternion(0.794627, -1.11759e-07, 0.607098, -5.96046e-08)
bones/49/position = Vector3(-0.510844, 0.768992, 0.0597369)
bones/49/rotation = Quaternion(-0.758253, -1.52737e-07, 0.651961, -1.11759e-08)

[node name="1H_Sword_Offhand" parent="Rig/Skeleton3D" index="0"]
transform = Transform3D(3.63863e-07, 0.262864, 0.964832, 0.999878, -0.0150443, 0.00409868, 0.0155929, 0.964715, -0.262832, 0.51174, 0.616824, -0.00193058)
visible = false

[node name="Badge_Shield" parent="Rig/Skeleton3D" index="1"]
transform = Transform3D(3.8628e-07, 0.262863, 0.964832, 0.999878, -0.0150468, 0.00409934, 0.0155956, 0.964715, -0.262832, 0.662143, 0.617463, -0.0429022)
visible = false

[node name="Rectangle_Shield" parent="Rig/Skeleton3D" index="2"]
transform = Transform3D(3.8628e-07, 0.262863, 0.964832, 0.999878, -0.0150468, 0.00409934, 0.0155956, 0.964715, -0.262832, 0.662143, 0.617463, -0.0429022)
visible = false

[node name="Round_Shield" parent="Rig/Skeleton3D" index="3"]
transform = Transform3D(3.8628e-07, 0.262863, 0.964832, 0.999878, -0.0150468, 0.00409934, 0.0155956, 0.964715, -0.262832, 0.662143, 0.617463, -0.0429022)
visible = false

[node name="Spike_Shield" parent="Rig/Skeleton3D" index="4"]
transform = Transform3D(3.8628e-07, 0.262863, 0.964832, 0.999878, -0.0150468, 0.00409934, 0.0155956, 0.964715, -0.262832, 0.662143, 0.617463, -0.0429022)
visible = false

[node name="1H_Sword" parent="Rig/Skeleton3D" index="5"]
transform = Transform3D(-0.00306829, -0.163072, 0.986609, 0.999918, -0.0127242, 0.00100629, 0.0123902, 0.986532, 0.163098, -0.495936, 0.621018, 0.139652)
visible = false

[node name="2H_Sword" parent="Rig/Skeleton3D" index="6"]
transform = Transform3D(-0.00306831, -0.163072, 0.986609, 0.999918, -0.0127243, 0.0010063, 0.0123902, 0.986532, 0.163098, -0.495936, 0.621018, 0.139652)
visible = false

[node name="Knight_Helmet" parent="Rig/Skeleton3D" index="7"]
transform = Transform3D(0.99972, -1.40143e-09, 0.0236466, 1.39341e-09, 1, 3.55686e-10, -0.0236466, -3.22637e-10, 0.99972, 4.69869e-07, 1.18043, -1.19779e-07)

[node name="Knight_Cape" parent="Rig/Skeleton3D" index="8"]
transform = Transform3D(0.996275, -5.14962e-09, 0.0862353, 5.13043e-09, 1, 4.44077e-10, -0.0862353, 1.8939e-15, 0.996275, -1.63023e-08, 1.18043, -1.40136e-07)

[node name="AnimationTree" type="AnimationTree" parent="." index="2"]
tree_root = SubResource("AnimationNodeStateMachine_03irh")
anim_player = NodePath("../AnimationPlayer")
parameters/conditions/grounded = false
parameters/conditions/jumping = false
parameters/IdleWalk/blend_position = 0.0

[node name="CollisionShape3D" type="CollisionShape3D" parent="." index="3"]
transform = Transform3D(1, 0, 0, 0, 1, 0, 0, 0, 1, 0, 1.2, 0)
shape = SubResource("CapsuleShape3D_3b8o2")

[node name="CameraArm" type="SpringArm3D" parent="." index="4"]
transform = Transform3D(1, 0, 0, 0, 1, 0, 0, 0, 1, 0, 2.5, 0)
shape = SubResource("SphereShape3D_sdcqn")
spring_length = 7.0
margin = 0.1

[node name="Camera3D" type="Camera3D" parent="CameraArm" index="0"]

[node name="CameraMovementTimer" type="Timer" parent="." index="5"]
one_shot = true
