[gd_scene load_steps=15 format=3 uid="uid://hxn4lucghc74"]

[ext_resource type="PackedScene" uid="uid://bu3qioodt8kr6" path="res://assets/Knight.glb" id="1_hhfob"]
[ext_resource type="Script" path="res://knight2.gd" id="2_fmjfn"]

[sub_resource type="AnimationNodeAnimation" id="AnimationNodeAnimation_rdja6"]
animation = &"Idle"

[sub_resource type="AnimationNodeAnimation" id="AnimationNodeAnimation_i2axy"]
animation = &"Running_A"

[sub_resource type="AnimationNodeBlendSpace1D" id="AnimationNodeBlendSpace1D_ah4l5"]
blend_point_0/node = SubResource("AnimationNodeAnimation_rdja6")
blend_point_0/pos = 0.0
blend_point_1/node = SubResource("AnimationNodeAnimation_i2axy")
blend_point_1/pos = 1.0

[sub_resource type="AnimationNodeAnimation" id="AnimationNodeAnimation_pxas0"]
animation = &"Jump_Idle"

[sub_resource type="AnimationNodeAnimation" id="AnimationNodeAnimation_ydn03"]
animation = &"Jump_Start"

[sub_resource type="AnimationNodeStateMachineTransition" id="AnimationNodeStateMachineTransition_bwahc"]
advance_mode = 2

[sub_resource type="AnimationNodeStateMachineTransition" id="AnimationNodeStateMachineTransition_rmke4"]
advance_mode = 2
advance_condition = &"jumping"

[sub_resource type="AnimationNodeStateMachineTransition" id="AnimationNodeStateMachineTransition_14aeb"]
switch_mode = 2
advance_mode = 2

[sub_resource type="AnimationNodeStateMachineTransition" id="AnimationNodeStateMachineTransition_hct4w"]
advance_mode = 2
advance_condition = &"grounded"

[sub_resource type="AnimationNodeStateMachineTransition" id="AnimationNodeStateMachineTransition_qtlda"]

[sub_resource type="AnimationNodeStateMachine" id="AnimationNodeStateMachine_03irh"]
states/IdleWalk/node = SubResource("AnimationNodeBlendSpace1D_ah4l5")
states/IdleWalk/position = Vector2(411, 100)
states/Jump_Idle/node = SubResource("AnimationNodeAnimation_pxas0")
states/Jump_Idle/position = Vector2(543, 205)
states/Jump_Start/node = SubResource("AnimationNodeAnimation_ydn03")
states/Jump_Start/position = Vector2(366, 205)
transitions = ["Start", "IdleWalk", SubResource("AnimationNodeStateMachineTransition_bwahc"), "IdleWalk", "Jump_Start", SubResource("AnimationNodeStateMachineTransition_rmke4"), "Jump_Start", "Jump_Idle", SubResource("AnimationNodeStateMachineTransition_14aeb"), "Jump_Idle", "IdleWalk", SubResource("AnimationNodeStateMachineTransition_hct4w"), "IdleWalk", "Jump_Idle", SubResource("AnimationNodeStateMachineTransition_qtlda")]

[sub_resource type="CapsuleShape3D" id="CapsuleShape3D_3b8o2"]
height = 2.4

[node name="Knight2" instance=ExtResource("1_hhfob")]
collision_layer = 0
script = ExtResource("2_fmjfn")

[node name="Skeleton3D" parent="Rig" index="0"]
transform = Transform3D(-1, 0, -8.74228e-08, 0, 1, 0, 8.74228e-08, 0, -1, 0, 0, 0)
bones/1/position = Vector3(0, 0.482662, 0)
bones/1/rotation = Quaternion(0, 0.0462209, 0, 0.998931)
bones/2/rotation = Quaternion(0.0203527, -0.0461611, 0.00267948, 0.998723)
bones/3/rotation = Quaternion(0.00404923, -5.66539e-12, -2.3848e-11, 0.999992)
bones/4/rotation = Quaternion(-0.675508, -0.335266, -0.347126, 0.557485)
bones/5/rotation = Quaternion(1.83267e-08, -4.73791e-08, -0.568179, 0.822905)
bones/7/rotation = Quaternion(-0.058092, 0.0381532, 0.467577, 0.881216)
bones/8/rotation = Quaternion(1.60975e-09, 1.60975e-09, -0.707107, 0.707107)
bones/14/rotation = Quaternion(-0.660342, 0.363161, 0.366535, 0.545633)
bones/15/rotation = Quaternion(1.56805e-08, 4.56571e-08, 0.52049, 0.853867)
bones/17/rotation = Quaternion(0.00418096, -0.0794676, -0.442854, 0.893055)
bones/18/rotation = Quaternion(1.60973e-09, -1.60973e-09, 0.707107, 0.707107)
bones/24/rotation = Quaternion(0.950308, 0.010792, 0.0678743, 0.303629)
bones/25/rotation = Quaternion(0.544441, 5.82786e-08, -3.79512e-07, 0.838799)
bones/26/rotation = Quaternion(-0.294944, -0.0465577, 0.0139609, 0.954278)
bones/28/rotation = Quaternion(0.910147, -0.0509244, 0.000853149, 0.411143)
bones/29/rotation = Quaternion(0.841568, -2.16284e-08, 5.79339e-07, 0.540152)
bones/30/rotation = Quaternion(-0.647756, 0.0460048, -0.0494509, 0.758848)
bones/31/rotation = Quaternion(3.04791e-08, 0.920355, -0.391084, -6.94849e-08)
bones/32/rotation = Quaternion(0.707107, -2.29302e-07, -4.60552e-08, 0.707107)
bones/33/position = Vector3(0.210945, 0.0219189, 0.163613)
bones/33/rotation = Quaternion(-0.420781, 0.0183716, 0.0395617, 0.906113)
bones/34/rotation = Quaternion(7.10544e-15, -1.49012e-08, 1, 1.05879e-22)
bones/35/rotation = Quaternion(-1.04035e-07, 0.391084, 0.920355, -2.9526e-08)
bones/37/rotation = Quaternion(1, -1.69494e-15, 1.94009e-07, 1.86265e-09)
bones/39/rotation = Quaternion(0.707107, -3.82385e-08, 1.45009e-07, 0.707107)
bones/40/position = Vector3(-0.210945, 0.156141, 0.225909)
bones/40/rotation = Quaternion(-0.511457, -0.0223308, -0.0374699, 0.858201)
bones/41/rotation = Quaternion(7.10544e-15, -1.38321e-22, 1, -2.33983e-34)
bones/42/rotation = Quaternion(-1.04035e-07, 0.391084, 0.920355, -2.95261e-08)
bones/47/position = Vector3(0.620841, 1.14867, 0.0512295)
bones/47/rotation = Quaternion(0.620907, 0.338374, 0.454595, -0.541592)
bones/49/position = Vector3(-0.639244, 1.14677, 0.0597369)
bones/49/rotation = Quaternion(-0.573502, 0.368903, 0.436244, 0.587109)

[node name="1H_Sword_Offhand" parent="Rig/Skeleton3D" index="0"]
transform = Transform3D(-0.912597, 0.357724, 0.197989, 0.184379, -0.0721384, 0.980204, 0.364925, 0.931036, -0.000123694, 0.764406, 1.07142, 0.0733497)
visible = false

[node name="Badge_Shield" parent="Rig/Skeleton3D" index="1"]
transform = Transform3D(-0.912596, 0.357726, 0.197989, 0.184379, -0.072139, 0.980204, 0.364928, 0.931035, -0.000123258, 0.79527, 1.22422, 0.0733305)
visible = false

[node name="Rectangle_Shield" parent="Rig/Skeleton3D" index="2"]
transform = Transform3D(-0.912596, 0.357726, 0.197989, 0.184379, -0.072139, 0.980204, 0.364928, 0.931035, -0.000123258, 0.79527, 1.22422, 0.0733305)
visible = false

[node name="Round_Shield" parent="Rig/Skeleton3D" index="3"]
transform = Transform3D(-0.912596, 0.357726, 0.197989, 0.184379, -0.072139, 0.980204, 0.364928, 0.931035, -0.000123258, 0.79527, 1.22422, 0.0733305)
visible = false

[node name="Spike_Shield" parent="Rig/Skeleton3D" index="4"]
transform = Transform3D(-0.912596, 0.357726, 0.197989, 0.184379, -0.072139, 0.980204, 0.364928, 0.931035, -0.000123258, 0.79527, 1.22422, 0.0733305)
visible = false

[node name="1H_Sword" parent="Rig/Skeleton3D" index="5"]
transform = Transform3D(0.935366, -0.347227, 0.0672495, 0.038494, -0.0890662, -0.995281, 0.351578, 0.933541, -0.0699433, -0.799475, 1.08054, 0.092121)
visible = false

[node name="2H_Sword" parent="Rig/Skeleton3D" index="6"]
transform = Transform3D(0.935366, -0.347227, 0.0672495, 0.038494, -0.0890662, -0.995281, 0.351578, 0.933541, -0.0699433, -0.799475, 1.08054, 0.092121)
visible = false

[node name="Knight_Helmet" parent="Rig/Skeleton3D" index="7"]
transform = Transform3D(0.999994, -0.0034675, 0.000199518, 0.00347311, 0.998793, -0.048991, -2.94e-05, 0.0489914, 0.998799, -0.00214387, 1.29228, 0.0272551)

[node name="Knight_Cape" parent="Rig/Skeleton3D" index="8"]
transform = Transform3D(0.999994, -0.0034675, 0.000199518, 0.00347311, 0.998793, -0.048991, -2.94e-05, 0.0489914, 0.998799, -0.00214434, 1.29228, 0.027255)

[node name="AnimationTree" type="AnimationTree" parent="." index="2"]
tree_root = SubResource("AnimationNodeStateMachine_03irh")
anim_player = NodePath("../AnimationPlayer")
parameters/conditions/grounded = false
parameters/conditions/jumping = false
parameters/IdleWalk/blend_position = -0.638138

[node name="CollisionShape3D" type="CollisionShape3D" parent="." index="3"]
transform = Transform3D(1, 0, 0, 0, 1, 0, 0, 0, 1, 0, 1.2, 0)
shape = SubResource("CapsuleShape3D_3b8o2")

[node name="CameraArm" type="SpringArm3D" parent="." index="4"]
transform = Transform3D(1, 0, 0, 0, 1, 0, 0, 0, 1, 0, 2.5, 0)
spring_length = 5.0
margin = 0.1

[node name="Camera3D" type="Camera3D" parent="CameraArm" index="0"]
